0 2 5 20
1 2 5 20
2 2 5 20
3 2 5 20
4 2 5 20
5 2 5 20
6 192 255 255
7 0 0 0
8 0 0 0
9 0 0 0
10 0 0 0
11 0 0 0
12 51 160 44
13 208 214 218
14 40 46 19
15 27 39 12
16 22 35 9
17 20 34 8
18 253 191 111
19 255 255 255
20 244 246 247
21 91 83 52
22 130 111 77
23 72 60 35
24 251 154 153
25 255 255 255
26 155 133 92
27 206 182 140
28 197 169 123
29 199 171 128
30 178 223 138
31 242 247 249
32 50 50 24
33 58 54 29
34 99 62 35
35 115 71 44
36 255 127 0
37 228 228 227
38 238 241 243
39 50 63 25
40 52 64 27
41 53 62 26
42 166 206 227
43 239 239 239
44 249 249 249
45 253 255 255
46 186 178 159
47 129 120 100
48 31 120 180
49 2 5 20
50 0 2 4
51 0 2 4
52 0 1 5
53 0 1 4
54 0 150 160
55 0 0 0
56 0 0 0
57 0 0 0
58 0 0 0
59 0 0 0
60 250 0 0
61 0 0 0
62 0 0 0
63 0 0 0
64 0 0 0
65 0 0 0
