0 2 5 20
1 2 5 20
2 2 5 20
3 2 5 20
4 2 5 20
5 2 5 20
6 192 255 255
7 239 239 239
8 249 249 249
9 249 249 249
10 249 249 249
11 249 249 249
12 51 160 44
13 209 215 219
14 52 44 25
15 35 36 16
16 23 36 10
17 22 38 9
18 253 191 111
19 255 255 255
20 245 247 248
21 70 61 35
22 60 66 30
23 92 74 46
24 251 154 153
25 255 255 255
26 156 134 93
27 207 183 141
28 197 169 123
29 165 139 100
30 178 223 138
31 243 248 250
32 145 121 81
33 93 79 51
34 104 87 57
35 116 73 46
36 255 127 0
37 233 236 238
38 237 240 242
39 67 60 34
40 78 69 42
41 80 68 41
42 166 206 227
43 255 255 255
44 252 254 254
45 254 255 255
46 254 255 255
47 254 255 255
48 31 120 180
49 255 255 255
50 0 3 5
51 0 2 2
52 0 5 2
53 0 1 5
54 0 150 160
55 255 255 255
56 255 255 255
57 30 43 13
58 30 43 13
59 30 43 13
60 250 0 0
61 75 66 39
62 75 66 39
63 63 58 32
64 63 58 32
65 63 58 32
