0 2 5 20
1 2 5 20
2 2 5 20
3 2 5 20
4 2 5 20
5 2 5 20
6 2 5 20
7 2 5 20
8 2 5 20
9 2 5 20
10 2 5 20
11 2 5 20
12 2 5 20
13 2 5 20
14 2 5 20
15 2 5 20
16 2 5 20
17 2 5 20
18 2 5 20
19 2 5 20
20 2 5 20
21 2 5 20
22 2 5 20
23 2 5 20
24 2 5 20
25 2 5 20
26 2 5 20
27 2 5 20
28 2 5 20
29 2 5 20
30 192 255 255
31 192 255 255
32 192 255 255
33 192 255 255
34 192 255 255
35 0 0 0
36 0 0 0
37 0 0 0
38 0 0 0
39 0 0 0
40 0 0 0
41 0 0 0
42 0 0 0
43 0 0 0
44 0 0 0
45 0 0 0
46 0 0 0
47 0 0 0
48 0 0 0
49 0 0 0
50 0 0 0
51 0 0 0
52 0 0 0
53 0 0 0
54 0 0 0
55 0 0 0
56 0 0 0
57 0 0 0
58 0 0 0
59 0 0 0
60 51 160 44
61 51 160 44
62 51 160 44
63 51 160 44
64 51 160 44
65 38 42 18
66 208 214 218
67 30 26 12
68 37 31 17
69 192 193 193
70 38 42 18
71 40 46 19
72 25 25 11
73 34 38 15
74 204 205 204
75 31 34 14
76 27 39 12
77 42 39 20
78 36 40 16
79 204 205 204
80 31 50 14
81 22 35 9
82 25 36 11
83 50 46 25
84 204 205 204
85 20 36 7
86 20 34 8
87 30 38 14
88 50 46 25
89 204 205 204
90 253 191 111
91 253 191 111
92 253 191 111
93 253 191 111
94 253 191 111
95 239 241 241
96 255 255 255
97 242 243 243
98 103 81 53
99 254 253 252
100 239 241 241
101 244 246 247
102 249 249 248
103 121 101 65
104 249 249 246
105 39 59 17
106 87 80 49
107 114 101 69
108 101 87 54
109 249 249 246
110 50 56 24
111 130 111 77
112 70 67 37
113 96 83 55
114 249 249 246
115 71 60 35
116 72 60 35
117 113 98 66
118 96 83 55
119 249 249 246
120 251 154 153
121 251 154 153
122 251 154 153
123 251 154 153
124 251 154 153
125 136 121 84
126 255 255 255
127 242 242 240
128 245 245 244
129 236 236 233
130 136 121 84
131 155 133 92
132 159 144 117
133 153 135 104
134 238 238 236
135 193 171 136
136 206 182 140
137 172 155 125
138 132 99 68
139 152 143 133
140 168 142 98
141 197 169 123
142 138 116 82
143 131 99 66
144 152 143 133
145 184 154 114
146 199 171 128
147 168 148 113
148 131 99 66
149 152 143 133
150 178 223 138
151 178 223 138
152 178 223 138
153 178 223 138
154 178 223 138
155 241 243 243
156 242 247 249
157 240 242 243
158 144 120 81
159 185 184 179
160 241 243 243
161 50 50 24
162 249 250 250
163 108 86 53
164 152 144 128
165 45 49 21
166 58 54 29
167 117 95 62
168 119 97 65
169 152 144 128
170 78 67 42
171 99 62 35
172 136 115 81
173 45 38 20
174 152 144 128
175 63 54 31
176 115 71 44
177 123 107 75
178 45 38 20
179 152 144 128
180 255 127 0
181 255 127 0
182 255 127 0
183 255 127 0
184 255 127 0
185 58 51 28
186 228 228 227
187 248 248 247
188 62 48 27
189 0 0 0
190 58 51 28
191 238 241 243
192 246 247 247
193 101 80 51
194 0 0 0
195 67 61 34
196 50 63 25
197 96 76 47
198 42 46 20
199 0 0 0
200 55 65 29
201 52 64 27
202 100 80 48
203 44 50 20
204 0 0 0
205 49 63 24
206 53 62 26
207 86 73 44
208 44 50 20
209 0 0 0
210 166 206 227
211 166 206 227
212 166 206 227
213 166 206 227
214 166 206 227
215 239 239 239
216 239 239 239
217 239 239 239
218 250 250 249
219 249 249 247
220 239 239 239
221 249 249 249
222 247 248 246
223 228 228 225
224 236 236 234
225 98 117 122
226 253 255 255
227 227 228 225
228 203 204 202
229 189 189 184
230 6 8 26
231 186 178 159
232 30 42 23
233 102 99 89
234 189 189 184
235 129 121 102
236 129 120 100
237 30 42 23
238 102 99 89
239 189 189 184
240 31 120 180
241 31 120 180
242 31 120 180
243 31 120 180
244 31 120 180
245 2 5 20
246 2 5 20
247 0 15 19
248 0 21 38
249 0 0 0
250 2 5 20
251 0 2 4
252 0 15 19
253 0 34 70
254 0 0 0
255 0 2 4
256 0 2 4
257 0 2 2
258 0 31 44
259 0 0 0
260 0 6 2
261 0 1 5
262 29 34 14
263 77 66 44
264 0 0 0
265 0 0 7
266 0 1 4
267 29 34 14
268 77 66 44
269 0 0 0
270 0 150 160
271 0 150 160
272 0 150 160
273 0 150 160
274 0 150 160
275 0 0 0
276 0 0 0
277 0 0 0
278 0 0 0
279 0 0 0
280 0 0 0
281 0 0 0
282 0 0 0
283 0 0 0
284 0 0 0
285 0 0 0
286 0 0 0
287 0 0 0
288 0 0 0
289 0 0 0
290 0 0 0
291 0 0 0
292 0 0 0
293 0 0 0
294 0 0 0
295 0 0 0
296 0 0 0
297 0 0 0
298 0 0 0
299 0 0 0
300 250 0 0
301 250 0 0
302 250 0 0
303 250 0 0
304 250 0 0
305 0 0 0
306 0 0 0
307 0 0 0
308 0 0 0
309 0 0 0
310 0 0 0
311 0 0 0
312 0 0 0
313 0 0 0
314 0 0 0
315 0 0 0
316 0 0 0
317 0 0 0
318 0 0 0
319 0 0 0
320 0 0 0
321 0 0 0
322 0 0 0
323 0 0 0
324 0 0 0
325 0 0 0
326 0 0 0
327 0 0 0
328 0 0 0
329 0 0 0
