0 1 255 255 255
0 2 0 4 5
0 3 75 69 35
0 4 91 92 55
0 5 22 39 7
2 1 224 230 232
2 2 0 3 4
2 3 65 59 30
2 4 45 57 22
2 5 109 89 50
3 1 239 244 244
3 2 64 57 31
3 3 109 91 56
3 4 40 49 18
3 5 65 61 24
4 1 213 221 217
4 2 112 94 58
4 3 114 98 58
4 4 142 121 84
4 5 107 93 61
5 1 223 231 235
5 2 125 95 66
5 3 0 11 4
5 4 82 75 44
5 5 138 119 85
6 1 223 224 224
6 2 62 53 31
6 3 89 81 46
6 4 92 90 55
6 5 58 66 27
7 1 245 249 252
7 2 34 41 13
8 1 0 6 8
8 2 0 5 10
8 3 0 1 2
8 4 0 1 5
8 5 87 79 35
9 1 220 230 234
9 5 60 65 28
10 2 57 55 27
10 3 49 55 18
10 4 85 84 50
