0 2 5 20
1 2 5 20
2 2 5 20
3 2 5 20
4 2 5 20
5 2 5 20
6 192 255 255
7 239 239 239
8 249 249 249
9 249 249 249
10 249 249 249
11 249 249 249
12 0 100 0
13 209 215 219
14 52 44 25
15 35 36 16
16 23 36 10
17 22 38 9
18 255 255 76
19 255 255 255
20 245 247 248
21 70 61 35
22 60 66 30
23 92 74 46
24 180 180 180
25 255 255 255
26 156 134 93
27 207 183 141
28 197 169 123
29 165 139 100
30 255 187 34
31 243 248 250
32 145 121 81
33 93 79 51
34 104 87 57
35 116 73 46
36 240 150 255
37 233 236 238
38 237 240 242
39 67 60 34
40 78 69 42
41 80 68 41
42 240 240 240
43 255 255 255
44 252 254 254
45 254 255 255
46 254 255 255
47 254 255 255
48 0 100 200
49 255 255 255
50 0 3 5
51 0 2 2
52 0 5 2
53 0 1 5
54 0 150 160
55 255 255 255
56 255 255 255
57 255 255 255
58 255 255 255
59 30 43 13
60 250 0 0
61 75 66 39
62 75 66 39
63 63 58 32
64 63 58 32
65 2 5 20
66 2 5 20
67 2 5 20
68 2 5 20
69 2 5 20
70 2 5 20
71 2 5 20
72 192 255 255
73 0 0 0
74 0 0 0
75 0 0 0
76 0 0 0
77 0 0 0
78 0 100 0
79 219 225 228
80 36 38 17
81 52 48 25
82 43 56 21
83 24 41 9
84 255 255 76
85 237 242 242
86 237 242 242
87 237 242 242
88 40 50 19
89 50 56 18
90 180 180 180
91 206 213 206
92 206 213 206
93 206 213 206
94 206 213 206
95 206 213 206
96 255 187 34
97 235 239 237
98 235 239 237
99 235 239 237
100 235 239 237
101 235 239 237
102 240 150 255
103 206 210 210
104 206 210 210
105 69 60 34
106 103 101 68
107 77 74 39
108 240 240 240
109 0 0 0
110 0 0 0
111 0 0 0
112 0 0 0
113 0 0 0
114 0 100 200
115 227 233 236
116 227 233 236
117 227 233 236
118 227 233 236
119 227 233 236
120 0 150 160
121 227 236 239
122 227 236 239
123 227 236 239
124 227 236 239
125 227 236 239
126 250 0 0
127 0 0 0
128 0 0 0
129 0 0 0
130 0 0 0
131 0 0 0
