0 0 0 0 0
0 1 255 255 255
0 2 0 4 5
0 3 75 69 35
0 4 91 92 55
0 5 22 39 7
1 0 0 0 0
1 1 0 0 0
1 2 0 0 0
1 3 0 0 0
1 4 0 0 0
1 5 0 0 0
2 0 0 0 0
2 1 224 230 232
2 2 0 3 4
2 3 52 48 25
2 4 52 59 24
2 5 104 86 48
3 0 0 0 0
3 1 239 244 244
3 2 64 57 31
3 3 0 3 1
3 4 50 60 24
3 5 58 60 23
4 0 0 0 0
4 1 213 221 217
4 2 105 85 54
4 3 114 98 58
4 4 142 121 84
4 5 136 116 81
5 0 0 0 0
5 1 233 237 235
5 2 118 88 55
5 3 0 11 4
5 4 135 117 86
5 5 138 119 85
6 0 0 0 0
6 1 223 224 224
6 2 62 53 31
6 3 79 71 39
6 4 91 89 54
6 5 86 80 44
7 0 0 0 0
7 1 245 249 252
7 2 169 178 177
7 3 0 0 0
7 4 0 0 0
7 5 0 0 0
8 0 0 0 0
8 1 0 6 8
8 2 0 5 10
8 3 0 1 2
8 4 0 7 1
8 5 87 79 35
9 0 0 0 0
9 1 220 230 234
9 2 0 0 0
9 3 0 0 0
9 4 0 0 0
9 5 51 57 25
10 0 0 0 0
10 1 0 0 0
10 2 57 55 27
10 3 40 42 19
10 4 85 84 50
10 5 0 0 0
