0 0 0 0 0
0 1 0 0 0
0 2 61 65 32
0 3 75 69 35
0 4 83 83 46
0 5 44 58 22
1 0 0 0 0
1 1 0 0 0
1 2 0 0 0
1 3 0 0 0
1 4 0 0 0
1 5 0 0 0
2 0 0 0 0
2 1 224 230 232
2 2 0 5 5
2 3 80 74 43
2 4 38 51 18
2 5 44 59 20
3 0 0 0 0
3 1 228 231 233
3 2 96 78 49
3 3 108 97 61
3 4 33 55 15
3 5 0 8 4
4 0 0 0 0
4 1 142 120 85
4 2 117 110 72
4 3 68 71 40
4 4 138 118 84
4 5 107 93 61
5 0 0 0 0
5 1 229 235 235
5 2 114 95 54
5 3 0 11 4
5 4 109 102 69
5 5 130 115 85
6 0 0 0 0
6 1 225 225 225
6 2 0 5 7
6 3 40 52 20
6 4 43 56 20
6 5 53 59 26
7 0 0 0 0
7 1 0 0 0
7 2 0 0 0
7 3 0 0 0
7 4 0 0 0
7 5 0 0 0
8 0 0 0 0
8 1 0 6 9
8 2 0 7 4
8 3 0 0 0
8 4 0 10 2
8 5 0 0 0
9 0 0 0 0
9 1 229 238 240
9 2 0 0 0
9 3 0 0 0
9 4 0 0 0
9 5 0 0 0
10 0 0 0 0
10 1 0 0 0
10 2 34 58 30
10 3 85 79 46
10 4 0 0 0
10 5 0 0 0
