0 0 0 0 0
0 1 0 0 0
0 2 203 204 203
0 3 75 69 35
0 4 71 65 31
0 5 88 78 42
1 0 0 0 0
1 1 0 0 0
1 2 0 0 0
1 3 0 0 0
1 4 0 0 0
1 5 0 0 0
2 0 0 0 0
2 1 0 12 4
2 2 0 2 5
2 3 62 57 30
2 4 51 56 25
2 5 53 61 24
3 0 0 0 0
3 1 228 231 233
3 2 10 17 13
3 3 7 13 2
3 4 87 74 43
3 5 0 8 4
4 0 0 0 0
4 1 213 221 217
4 2 114 114 79
4 3 57 66 32
4 4 144 124 89
4 5 107 93 61
5 0 0 0 0
5 1 232 237 235
5 2 111 99 46
5 3 0 11 4
5 4 123 113 79
5 5 140 127 88
6 0 0 0 0
6 1 225 225 225
6 2 0 4 7
6 3 93 83 49
6 4 0 12 3
6 5 26 43 15
7 0 0 0 0
7 1 0 0 0
7 2 0 0 0
7 3 0 0 0
7 4 0 0 0
7 5 0 0 0
8 0 0 0 0
8 1 234 240 240
8 2 55 113 36
8 3 0 0 0
8 4 39 54 15
8 5 0 0 0
9 0 0 0 0
9 1 230 239 241
9 2 0 0 0
9 3 0 0 0
9 4 0 0 0
9 5 0 0 0
10 0 0 0 0
10 1 0 0 0
10 2 0 0 0
10 3 0 0 0
10 4 0 0 0
10 5 0 0 0
