0 0 0 0 0
0 1 209 218 219
0 2 203 204 203
0 3 75 69 35
0 4 83 83 46
0 5 41 59 17
1 0 0 0 0
1 1 0 0 0
1 2 0 0 0
1 3 0 0 0
1 4 0 0 0
1 5 0 0 0
2 0 0 0 0
2 1 224 230 232
2 2 0 5 5
2 3 62 57 30
2 4 38 51 18
2 5 37 53 17
3 0 0 0 0
3 1 234 234 233
3 2 220 221 221
3 3 91 80 48
3 4 99 84 52
3 5 0 8 4
4 0 0 0 0
4 1 162 148 112
4 2 102 84 51
4 3 168 142 100
4 4 2 16 3
4 5 107 93 61
5 0 0 0 0
5 1 222 230 235
5 2 124 100 69
5 3 0 11 4
5 4 130 107 72
5 5 137 118 85
6 0 0 0 0
6 1 226 225 223
6 2 0 5 7
6 3 88 80 49
6 4 97 90 56
6 5 53 59 26
7 0 0 0 0
7 1 0 0 0
7 2 0 0 0
7 3 0 0 0
7 4 0 0 0
7 5 0 0 0
8 0 0 0 0
8 1 233 241 243
8 2 0 7 4
8 3 0 0 0
8 4 45 55 17
8 5 0 0 0
9 0 0 0 0
9 1 230 240 242
9 2 0 0 0
9 3 0 0 0
9 4 0 0 0
9 5 0 0 0
10 0 0 0 0
10 1 0 0 0
10 2 61 51 26
10 3 85 76 45
10 4 78 79 46
10 5 0 0 0
