50 50 63 1038.1899999999998
50 50 127 2130.11625
50 50 191 1409.1
50 50 255 86.19624999999999
50 101 63 1302.67875
50 101 127 1761.6443749999999
50 101 191 1171.7575
50 101 255 121.9975
50 152 63 2741.965625
50 152 127 2995.02875
50 152 191 2291.76625
50 152 255 273.99375000000003
50 203 63 1961.93625
50 203 127 2285.476875
50 203 191 3655.115625
50 203 255 337.114375
50 254 63 4905.426875
50 254 127 4752.3975
50 254 191 1473.503125
75 50 63 652.636875
75 50 127 702.951875
75 50 191 1208.861875
75 50 255 1047.081875
75 101 63 546.010625
75 101 127 445.434375
75 101 191 1478.580625
75 101 255 1060.813125
75 152 63 516.23875
75 152 127 408.039375
75 152 191 1791.003125
75 152 255 1117.3712500000001
75 203 63 1085.879375
75 203 127 1500.62125
75 203 191 2875.3275
75 203 255 369.513125
75 254 63 1299.214375
75 254 127 2536.525625
75 254 191 1348.550625
75 254 255 13.264375
100 50 63 108.7
100 50 127 126.71187499999999
100 50 191 655.655
100 50 255 615.75375
100 101 63 206.69
100 101 127 74.89562500000001
100 101 191 203.06375
100 101 255 360.439375
100 152 63 285.65687499999996
100 152 127 854.250625
100 152 191 1275.105
100 152 255 355.23875
100 203 63 875.74875
100 203 127 1736.481875
100 203 191 2235.06
100 203 255 175.5
100 254 63 929.180625
100 254 127 2282.5975
100 254 191 2064.7112500000003
100 254 255 16.788125
125 50 63 581.310625
125 50 127 647.2775
125 50 191 268.541875
125 101 63 287.77187499999997
125 101 127 352.76
125 101 191 306.04875
125 101 255 41.25875
125 152 63 199.8375
125 152 127 385.7325
125 152 191 547.9475
125 152 255 100.851875
125 203 63 886.559375
125 203 127 1447.1100000000001
125 203 191 1112.92875
125 203 255 79.72437500000001
125 254 63 760.678125
125 254 127 1796.07375
125 254 191 710.303125
125 254 255 2.1825
150 50 63 148.34187500000002
150 50 127 269.62874999999997
150 50 191 145.924375
150 50 255 2.561875
150 101 63 836.124375
150 101 127 803.19875
150 101 191 202.7825
150 101 255 11.18625
150 152 63 896.3449999999999
150 152 127 784.5281249999999
150 152 191 372.35
150 152 255 29.699375
150 203 63 1465.534375
150 203 127 1393.4837499999999
150 203 191 518.0237500000001
150 203 255 124.64312500000001
150 254 63 499.480625
150 254 127 675.588125
150 254 191 184.999375
150 254 255 6.260624999999999
175 50 63 515.879375
175 50 127 408.71
175 50 191 1597.593125
175 50 255 3775.5325
175 101 63 249.82125
175 101 127 119.838125
175 101 191 111.10375
175 101 255 5.766249999999999
175 152 63 4.000625
175 152 127 2.444375
175 152 191 17.465625000000003
200 50 63 20.6975
200 50 127 43.119375
200 50 191 4.639375
200 50 255 1.3312499999999998
200 101 63 120.418125
200 101 127 47.318124999999995
200 101 191 5.341875
200 101 255 5.265625
200 152 63 94.615
200 152 127 19.2725
200 152 191 4.833125
200 152 255 8.4825
200 203 63 27.12625
200 203 127 31.49
200 203 191 52.963750000000005
200 254 63 5.119375
200 254 127 8.4425
200 254 191 16.173125
255 50 63 250.674375
255 50 127 68.27562499999999
255 50 255 23.294375
255 101 63 3167.4525
255 101 127 1838.99125
255 101 191 659.3025
255 101 255 601.65875
255 152 63 2492.229375
255 152 127 5846.163125
255 152 191 8059.593124999999
255 152 255 5382.484375
255 203 63 1125.03125
255 203 127 2343.40625
255 203 191 1703.575625
255 203 255 3226.1625000000004
255 254 63 2188.1568749999997
255 254 127 4415.554375
255 254 191 3001.1118749999996
255 254 255 2973.216875
125 50 255 0.09500000000000001
50 254 255 0.006875
175 152 255 0.00375
175 203 63 0.0025
200 203 255 0.000625
